Результаты решения краевой задачи:
x		Численное решение	Аналитическое решение	Аппроксимация 1-го порядка	Аппроксимация 2-го порядка
--------------------------------------------------------------------------------------------------------
 0.000		     0.97222222		     0.97222222		     0.66380845		     2.89278659
 0.001		     0.97288603		     0.97288462		     0.66670123		     2.89278659
 0.002		     0.97355273		     0.97354958		     0.66958504		     2.88380943
 0.003		     0.97422232		     0.97421709		     0.67245993		     2.87488453
 0.004		     0.97489478		     0.97488715		     0.67532594		     2.86601166
 0.005		     0.97557010		     0.97555975		     0.67818313		     2.85719054
 0.006		     0.97624829		     0.97623488		     0.68103155		     2.84842094
 0.007		     0.97692932		     0.97691253		     0.68387125		     2.83970260
 0.008		     0.97761319		     0.97759270		     0.68670229		     2.83103528
 0.009		     0.97829989		     0.97827537		     0.68952471		     2.82241872
 0.010		     0.97898942		     0.97896054		     0.69233856		     2.81385270
 0.011		     0.97968175		     0.97964819		     0.69514390		     2.80533695
 0.012		     0.98037690		     0.98033833		     0.69794077		     2.79687124
 0.013		     0.98107484		     0.98103094		     0.70072922		     2.78845533
 0.014		     0.98177557		     0.98172602		     0.70350931		     2.78008897
 0.015		     0.98247908		     0.98242355		     0.70628109		     2.77177192
 0.016		     0.98318536		     0.98312353		     0.70904459		     2.76350396
 0.017		     0.98389440		     0.98382596		     0.71179987		     2.75528483
 0.018		     0.98460620		     0.98453081		     0.71454699		     2.74711431
 0.019		     0.98532075		     0.98523810		     0.71728598		     2.73899216
 0.020		     0.98603804		     0.98594780		     0.72001690		     2.73091814
 0.021		     0.98675805		     0.98665991		     0.72273979		     2.72289203
 0.022		     0.98748079		     0.98737443		     0.72545470		     2.71491359
 0.023		     0.98820625		     0.98809134		     0.72816169		     2.70698259
 0.024		     0.98893441		     0.98881064		     0.73086079		     2.69909880
 0.025		     0.98966527		     0.98953232		     0.73355205		     2.69126199
 0.026		     0.99039882		     0.99025638		     0.73623552		     2.68347195
 0.027		     0.99113506		     0.99098280		     0.73891125		     2.67572843
 0.028		     0.99187397		     0.99171158		     0.74157928		     2.66803121
 0.029		     0.99261555		     0.99244271		     0.74423966		     2.66038008
 0.030		     0.99335979		     0.99317619		     0.74689243		     2.65277481
 0.031		     0.99410668		     0.99391201		     0.74953765		     2.64521518
 0.032		     0.99485622		     0.99465015		     0.75217535		     2.63770096
 0.033		     0.99560839		     0.99539062		     0.75480558		     2.63023194
 0.034		     0.99636320		     0.99613340		     0.75742839		     2.62280790
 0.035		     0.99712063		     0.99687850		     0.76004382		     2.61542862
 0.036		     0.99788067		     0.99762589		     0.76265191		     2.60809388
 0.037		     0.99864332		     0.99837558		     0.76525272		     2.60080348
 0.038		     0.99940858		     0.99912756		     0.76784627		     2.59355719
 0.039		     1.00017642		     0.99988182		     0.77043263		     2.58635480
 0.040		     1.00094685		     1.00063836		     0.77301182		     2.57919610
 0.041		     1.00171987		     1.00139717		     0.77558391		     2.57208089
 0.042		     1.00249545		     1.00215823		     0.77814891		     2.56500894
 0.043		     1.00327360		     1.00292156		     0.78070689		     2.55798005
 0.044		     1.00405431		     1.00368713		     0.78325789		     2.55099401
 0.045		     1.00483756		     1.00445494		     0.78580194		     2.54405061
 0.046		     1.00562337		     1.00522499		     0.78833909		     2.53714966
 0.047		     1.00641170		     1.00599727		     0.79086938		     2.53029093
 0.048		     1.00720257		     1.00677177		     0.79339285		     2.52347424
 0.049		     1.00799597		     1.00754849		     0.79590955		     2.51669937
 0.050		     1.00879188		     1.00832742		     0.79841952		     2.50996612
 0.051		     1.00959030		     1.00910855		     0.80092279		     2.50327430
 0.052		     1.01039122		     1.00989188		     0.80341942		     2.49662370
 0.053		     1.01119464		     1.01067740		     0.80590943		     2.49001412
 0.054		     1.01200055		     1.01146510		     0.80839288		     2.48344536
 0.055		     1.01280894		     1.01225499		     0.81086979		     2.47691724
 0.056		     1.01361981		     1.01304704		     0.81334022		     2.47042954
 0.057		     1.01443315		     1.01384127		     0.81580421		     2.46398208
 0.058		     1.01524895		     1.01463766		     0.81826178		     2.45757466
 0.059		     1.01606722		     1.01543620		     0.82071299		     2.45120709
 0.060		     1.01688793		     1.01623689		     0.82315787		     2.44487917
 0.061		     1.01771109		     1.01703972		     0.82559646		     2.43859072
 0.062		     1.01853668		     1.01784469		     0.82802880		     2.43234153
 0.063		     1.01936471		     1.01865179		     0.83045493		     2.42613143
 0.064		     1.02019517		     1.01946102		     0.83287489		     2.41996023
 0.065		     1.02102804		     1.02027237		     0.83528872		     2.41382773
 0.066		     1.02186333		     1.02108583		     0.83769645		     2.40773375
 0.067		     1.02270103		     1.02190140		     0.84009813		     2.40167810
 0.068		     1.02354113		     1.02271908		     0.84249379		     2.39566060
 0.069		     1.02438362		     1.02353885		     0.84488347		     2.38968106
 0.070		     1.02522850		     1.02436071		     0.84726721		     2.38373930
 0.071		     1.02607577		     1.02518466		     0.84964505		     2.37783513
 0.072		     1.02692542		     1.02601070		     0.85201701		     2.37196839
 0.073		     1.02777743		     1.02683880		     0.85438315		     2.36613887
 0.074		     1.02863182		     1.02766898		     0.85674350		     2.36034642
 0.075		     1.02948856		     1.02850123		     0.85909809		     2.35459083
 0.076		     1.03034766		     1.02933553		     0.86144696		     2.34887195
 0.077		     1.03120910		     1.03017188		     0.86379015		     2.34318958
 0.078		     1.03207289		     1.03101029		     0.86612770		     2.33754356
 0.079		     1.03293902		     1.03185074		     0.86845963		     2.33193370
 0.080		     1.03380748		     1.03269323		     0.87078599		     2.32635984
 0.081		     1.03467827		     1.03353775		     0.87310681		     2.32082180
 0.082		     1.03555137		     1.03438430		     0.87542213		     2.31531941
 0.083		     1.03642680		     1.03523288		     0.87773198		     2.30985248
 0.084		     1.03730453		     1.03608347		     0.88003640		     2.30442086
 0.085		     1.03818456		     1.03693607		     0.88233543		     2.29902438
 0.086		     1.03906690		     1.03779069		     0.88462909		     2.29366285
 0.087		     1.03995153		     1.03864731		     0.88691743		     2.28833612
 0.088		     1.04083845		     1.03950592		     0.88920047		     2.28304402
 0.089		     1.04172765		     1.04036653		     0.89147826		     2.27778637
 0.090		     1.04261913		     1.04122913		     0.89375082		     2.27256302
 0.091		     1.04351288		     1.04209372		     0.89601819		     2.26737379
 0.092		     1.04440889		     1.04296028		     0.89828041		     2.26221852
 0.093		     1.04530718		     1.04382882		     0.90053751		     2.25709705
 0.094		     1.04620771		     1.04469932		     0.90278952		     2.25200922
 0.095		     1.04711050		     1.04557180		     0.90503647		     2.24695486
 0.096		     1.04801554		     1.04644623		     0.90727841		     2.24193380
 0.097		     1.04892282		     1.04732262		     0.90951535		     2.23694590
 0.098		     1.04983233		     1.04820096		     0.91174734		     2.23199099
 0.099		     1.05074408		     1.04908125		     0.91397441		     2.22706890
 0.100		     1.05165805		     1.04996348		     0.91619659		     2.22217949
 0.101		     1.05257425		     1.05084765		     0.91841392		     2.21732260
 0.102		     1.05349266		     1.05173375		     0.92062641		     2.21249806
 0.103		     1.05441329		     1.05262178		     0.92283412		     2.20770572
 0.104		     1.05533613		     1.05351174		     0.92503707		     2.20294542
 0.105		     1.05626116		     1.05440361		     0.92723528		     2.19821702
 0.106		     1.05718840		     1.05529741		     0.92942880		     2.19352036
 0.107		     1.05811783		     1.05619311		     0.93161766		     2.18885528
 0.108		     1.05904944		     1.05709072		     0.93380188		     2.18422163
 0.109		     1.05998325		     1.05799024		     0.93598150		     2.17961926
 0.110		     1.06091923		     1.05889165		     0.93815655		     2.17504802
 0.111		     1.06185738		     1.05979496		     0.94032705		     2.17050776
 0.112		     1.06279771		     1.06070017		     0.94249305		     2.16599832
 0.113		     1.06374020		     1.06160725		     0.94465457		     2.16151957
 0.114		     1.06468486		     1.06251623		     0.94681164		     2.15707135
 0.115		     1.06563167		     1.06342708		     0.94896430		     2.15265352
 0.116		     1.06658063		     1.06433980		     0.95111256		     2.14826593
 0.117		     1.06753175		     1.06525440		     0.95325647		     2.14390843
 0.118		     1.06848500		     1.06617086		     0.95539605		     2.13958088
 0.119		     1.06944040		     1.06708919		     0.95753134		     2.13528313
 0.120		     1.07039793		     1.06800937		     0.95966235		     2.13101504
 0.121		     1.07135759		     1.06893141		     0.96178913		     2.12677647
 0.122		     1.07231938		     1.06985530		     0.96391169		     2.12256727
 0.123		     1.07328329		     1.07078104		     0.96603008		     2.11838731
 0.124		     1.07424932		     1.07170863		     0.96814432		     2.11423644
 0.125		     1.07521747		     1.07263805		     0.97025443		     2.11011452
 0.126		     1.07618772		     1.07356931		     0.97236045		     2.10602142
 0.127		     1.07716008		     1.07450240		     0.97446241		     2.10195698
 0.128		     1.07813455		     1.07543733		     0.97656033		     2.09792109
 0.129		     1.07911111		     1.07637407		     0.97865425		     2.09391359
 0.130		     1.08008976		     1.07731264		     0.98074418		     2.08993436
 0.131		     1.08107050		     1.07825303		     0.98283016		     2.08598325
 0.132		     1.08205333		     1.07919523		     0.98491222		     2.08206013
 0.133		     1.08303825		     1.08013925		     0.98699039		     2.07816486
 0.134		     1.08402524		     1.08108507		     0.98906469		     2.07429732
 0.135		     1.08501430		     1.08203270		     0.99113514		     2.07045737
 0.136		     1.08600544		     1.08298212		     0.99320179		     2.06664487
 0.137		     1.08699864		     1.08393335		     0.99526465		     2.06285969
 0.138		     1.08799390		     1.08488637		     0.99732375		     2.05910170
 0.139		     1.08899123		     1.08584117		     0.99937912		     2.05537078
 0.140		     1.08999061		     1.08679777		     1.00143079		     2.05166678
 0.141		     1.09099204		     1.08775615		     1.00347878		     2.04798959
 0.142		     1.09199552		     1.08871631		     1.00552312		     2.04433907
 0.143		     1.09300104		     1.08967825		     1.00756383		     2.04071509
 0.144		     1.09400860		     1.09064197		     1.00960095		     2.03711752
 0.145		     1.09501820		     1.09160745		     1.01163449		     2.03354625
 0.146		     1.09602984		     1.09257471		     1.01366450		     2.03000114
 0.147		     1.09704350		     1.09354373		     1.01569098		     2.02648207
 0.148		     1.09805919		     1.09451451		     1.01771397		     2.02298890
 0.149		     1.09907691		     1.09548704		     1.01973349		     2.01952153
 0.150		     1.10009664		     1.09646134		     1.02174957		     2.01607981
 0.151		     1.10111839		     1.09743739		     1.02376223		     2.01266364
 0.152		     1.10214215		     1.09841518		     1.02577150		     2.00927289
 0.153		     1.10316792		     1.09939473		     1.02777741		     2.00590743
 0.154		     1.10419570		     1.10037601		     1.02977998		     2.00256714
 0.155		     1.10522548		     1.10135904		     1.03177923		     1.99925190
 0.156		     1.10625726		     1.10234380		     1.03377519		     1.99596160
 0.157		     1.10729104		     1.10333031		     1.03576789		     1.99269611
 0.158		     1.10832680		     1.10431854		     1.03775734		     1.98945532
 0.159		     1.10936456		     1.10530850		     1.03974358		     1.98623910
 0.160		     1.11040431		     1.10630019		     1.04172663		     1.98304733
 0.161		     1.11144603		     1.10729360		     1.04370651		     1.97987991
 0.162		     1.11248974		     1.10828873		     1.04568325		     1.97673671
 0.163		     1.11353542		     1.10928558		     1.04765686		     1.97361761
 0.164		     1.11458308		     1.11028414		     1.04962739		     1.97052251
 0.165		     1.11563271		     1.11128442		     1.05159484		     1.96745128
 0.166		     1.11668430		     1.11228641		     1.05355924		     1.96440382
 0.167		     1.11773786		     1.11329010		     1.05552062		     1.96138000
 0.168		     1.11879338		     1.11429550		     1.05747900		     1.95837971
 0.169		     1.11985086		     1.11530261		     1.05943440		     1.95540285
 0.170		     1.12091029		     1.11631141		     1.06138685		     1.95244930
 0.171		     1.12197168		     1.11732190		     1.06333637		     1.94951894
 0.172		     1.12303502		     1.11833410		     1.06528298		     1.94661168
 0.173		     1.12410030		     1.11934798		     1.06722671		     1.94372738
 0.174		     1.12516753		     1.12036355		     1.06916758		     1.94086596
 0.175		     1.12623669		     1.12138081		     1.07110561		     1.93802729
 0.176		     1.12730780		     1.12239976		     1.07304082		     1.93521126
 0.177		     1.12838084		     1.12342038		     1.07497323		     1.93241778
 0.178		     1.12945581		     1.12444269		     1.07690288		     1.92964673
 0.179		     1.13053272		     1.12546667		     1.07882978		     1.92689800
 0.180		     1.13161155		     1.12649233		     1.08075395		     1.92417149
 0.181		     1.13269230		     1.12751966		     1.08267542		     1.92146709
 0.182		     1.13377498		     1.12854866		     1.08459420		     1.91878469
 0.183		     1.13485957		     1.12957933		     1.08651033		     1.91612420
 0.184		     1.13594608		     1.13061166		     1.08842381		     1.91348550
 0.185		     1.13703450		     1.13164566		     1.09033468		     1.91086849
 0.186		     1.13812484		     1.13268132		     1.09224295		     1.90827307
 0.187		     1.13921708		     1.13371864		     1.09414865		     1.90569913
 0.188		     1.14031123		     1.13475761		     1.09605180		     1.90314657
 0.189		     1.14140728		     1.13579824		     1.09795241		     1.90061530
 0.190		     1.14250524		     1.13684052		     1.09985052		     1.89810520
 0.191		     1.14360509		     1.13788445		     1.10174614		     1.89561618
 0.192		     1.14470683		     1.13893003		     1.10363928		     1.89314814
 0.193		     1.14581047		     1.13997725		     1.10552998		     1.89070097
 0.194		     1.14691600		     1.14102612		     1.10741826		     1.88827458
 0.195		     1.14802342		     1.14207663		     1.10930413		     1.88586886
 0.196		     1.14913272		     1.14312878		     1.11118761		     1.88348373
 0.197		     1.15024391		     1.14418257		     1.11306873		     1.88111908
 0.198		     1.15135698		     1.14523800		     1.11494751		     1.87877481
 0.199		     1.15247193		     1.14629506		     1.11682396		     1.87645082
 0.200		     1.15358875		     1.14735375		     1.11869810		     1.87414703
 0.201		     1.15470745		     1.14841407		     1.12056997		     1.87186333
 0.202		     1.15582802		     1.14947601		     1.12243957		     1.86959962
 0.203		     1.15695046		     1.15053959		     1.12430692		     1.86735582
 0.204		     1.15807477		     1.15160479		     1.12617205		     1.86513183
 0.205		     1.15920094		     1.15267161		     1.12803498		     1.86292755
 0.206		     1.16032897		     1.15374005		     1.12989572		     1.86074289
 0.207		     1.16145887		     1.15481011		     1.13175430		     1.85857776
 0.208		     1.16259062		     1.15588179		     1.13361073		     1.85643206
 0.209		     1.16372423		     1.15695508		     1.13546504		     1.85430570
 0.210		     1.16485970		     1.15802999		     1.13731724		     1.85219859
 0.211		     1.16599702		     1.15910651		     1.13916735		     1.85011064
 0.212		     1.16713618		     1.16018464		     1.14101539		     1.84804175
 0.213		     1.16827720		     1.16126437		     1.14286138		     1.84599185
 0.214		     1.16942006		     1.16234572		     1.14470534		     1.84396082
 0.215		     1.17056477		     1.16342867		     1.14654729		     1.84194860
 0.216		     1.17171131		     1.16451322		     1.14838725		     1.83995508
 0.217		     1.17285970		     1.16559937		     1.15022523		     1.83798018
 0.218		     1.17400993		     1.16668712		     1.15206125		     1.83602381
 0.219		     1.17516199		     1.16777648		     1.15389534		     1.83408588
 0.220		     1.17631588		     1.16886743		     1.15572750		     1.83216631
 0.221		     1.17747161		     1.16995997		     1.15755777		     1.83026501
 0.222		     1.17862917		     1.17105411		     1.15938615		     1.82838189
 0.223		     1.17978855		     1.17214984		     1.16121267		     1.82651686
 0.224		     1.18094977		     1.17324716		     1.16303734		     1.82466984
 0.225		     1.18211280		     1.17434608		     1.16486018		     1.82284075
 0.226		     1.18327766		     1.17544657		     1.16668121		     1.82102949
 0.227		     1.18444434		     1.17654866		     1.16850044		     1.81923600
 0.228		     1.18561284		     1.17765233		     1.17031790		     1.81746017
 0.229		     1.18678316		     1.17875759		     1.17213361		     1.81570193
 0.230		     1.18795530		     1.17986442		     1.17394757		     1.81396120
 0.231		     1.18912924		     1.18097284		     1.17575980		     1.81223788
 0.232		     1.19030500		     1.18208284		     1.17757034		     1.81053191
 0.233		     1.19148257		     1.18319441		     1.17937918		     1.80884320
 0.234		     1.19266195		     1.18430756		     1.18118635		     1.80717166
 0.235		     1.19384314		     1.18542229		     1.18299187		     1.80551721
 0.236		     1.19502613		     1.18653859		     1.18479575		     1.80387978
 0.237		     1.19621093		     1.18765647		     1.18659801		     1.80225929
 0.238		     1.19739753		     1.18877592		     1.18839866		     1.80065565
 0.239		     1.19858592		     1.18989693		     1.19019773		     1.79906878
 0.240		     1.19977612		     1.19101952		     1.19199523		     1.79749861
 0.241		     1.20096812		     1.19214367		     1.19379118		     1.79594506
 0.242		     1.20216191		     1.19326939		     1.19558558		     1.79440805
 0.243		     1.20335749		     1.19439668		     1.19737847		     1.79288750
 0.244		     1.20455487		     1.19552553		     1.19916985		     1.79138333
 0.245		     1.20575404		     1.19665594		     1.20095975		     1.78989547
 0.246		     1.20695500		     1.19778792		     1.20274817		     1.78842384
 0.247		     1.20815775		     1.19892146		     1.20453514		     1.78696836
 0.248		     1.20936229		     1.20005655		     1.20632067		     1.78552897
 0.249		     1.21056861		     1.20119321		     1.20810478		     1.78410557
 0.250		     1.21177671		     1.20233142		     1.20988748		     1.78269810
 0.251		     1.21298660		     1.20347119		     1.21166878		     1.78130648
 0.252		     1.21419827		     1.20461252		     1.21344871		     1.77993065
 0.253		     1.21541172		     1.20575540		     1.21522728		     1.77857051
 0.254		     1.21662694		     1.20689983		     1.21700451		     1.77722601
 0.255		     1.21784395		     1.20804582		     1.21878041		     1.77589706
 0.256		     1.21906273		     1.20919336		     1.22055499		     1.77458360
 0.257		     1.22028328		     1.21034245		     1.22232828		     1.77328555
 0.258		     1.22150561		     1.21149309		     1.22410028		     1.77200284
 0.259		     1.22272971		     1.21264527		     1.22587101		     1.77073540
 0.260		     1.22395558		     1.21379901		     1.22764050		     1.76948316
 0.261		     1.22518322		     1.21495429		     1.22940874		     1.76824604
 0.262		     1.22641263		     1.21611112		     1.23117577		     1.76702398
 0.263		     1.22764381		     1.21726950		     1.23294158		     1.76581690
 0.264		     1.22887675		     1.21842941		     1.23470621		     1.76462473
 0.265		     1.23011146		     1.21959087		     1.23646966		     1.76344741
 0.266		     1.23134792		     1.22075388		     1.23823194		     1.76228487
 0.267		     1.23258616		     1.22191843		     1.23999308		     1.76113703
 0.268		     1.23382615		     1.22308451		     1.24175308		     1.76000383
 0.269		     1.23506790		     1.22425214		     1.24351197		     1.75888520
 0.270		     1.23631141		     1.22542131		     1.24526975		     1.75778108
 0.271		     1.23755668		     1.22659201		     1.24702644		     1.75669139
 0.272		     1.23880371		     1.22776426		     1.24878206		     1.75561606
 0.273		     1.24005249		     1.22893804		     1.25053661		     1.75455504
 0.274		     1.24130303		     1.23011335		     1.25229012		     1.75350825
 0.275		     1.24255532		     1.23129021		     1.25404259		     1.75247563
 0.276		     1.24380936		     1.23246859		     1.25579405		     1.75145711
 0.277		     1.24506516		     1.23364852		     1.25754450		     1.75045263
 0.278		     1.24632270		     1.23482997		     1.25929397		     1.74946212
 0.279		     1.24758199		     1.23601296		     1.26104245		     1.74848551
 0.280		     1.24884304		     1.23719748		     1.26278997		     1.74752275
 0.281		     1.25010583		     1.23838354		     1.26453655		     1.74657377
 0.282		     1.25137036		     1.23957112		     1.26628219		     1.74563850
 0.283		     1.25263665		     1.24076024		     1.26802690		     1.74471689
 0.284		     1.25390467		     1.24195088		     1.26977071		     1.74380886
 0.285		     1.25517444		     1.24314306		     1.27151363		     1.74291435
 0.286		     1.25644596		     1.24433676		     1.27325566		     1.74203331
 0.287		     1.25771921		     1.24553200		     1.27499683		     1.74116567
 0.288		     1.25899421		     1.24672876		     1.27673714		     1.74031136
 0.289		     1.26027095		     1.24792704		     1.27847661		     1.73947034
 0.290		     1.26154942		     1.24912686		     1.28021525		     1.73864252
 0.291		     1.26282964		     1.25032820		     1.28195308		     1.73782787
 0.292		     1.26411159		     1.25153106		     1.28369010		     1.73702630
 0.293		     1.26539528		     1.25273546		     1.28542634		     1.73623777
 0.294		     1.26668071		     1.25394137		     1.28716180		     1.73546222
 0.295		     1.26796787		     1.25514881		     1.28889650		     1.73469958
 0.296		     1.26925677		     1.25635778		     1.29063045		     1.73394979
 0.297		     1.27054740		     1.25756827		     1.29236367		     1.73321280
 0.298		     1.27183976		     1.25878028		     1.29409615		     1.73248854
 0.299		     1.27313386		     1.25999381		     1.29582793		     1.73177696
 0.300		     1.27442968		     1.26120887		     1.29755901		     1.73107801
 0.301		     1.27572724		     1.26242545		     1.29928940		     1.73039161
 0.302		     1.27702653		     1.26364355		     1.30101912		     1.72971772
 0.303		     1.27832755		     1.26486317		     1.30274818		     1.72905628
 0.304		     1.27963030		     1.26608432		     1.30447658		     1.72840722
 0.305		     1.28093478		     1.26730698		     1.30620435		     1.72777050
 0.306		     1.28224098		     1.26853116		     1.30793150		     1.72714606
 0.307		     1.28354891		     1.26975687		     1.30965803		     1.72653384
 0.308		     1.28485857		     1.27098409		     1.31138397		     1.72593378
 0.309		     1.28616995		     1.27221284		     1.31310931		     1.72534583
 0.310		     1.28748306		     1.27344310		     1.31483408		     1.72476994
 0.311		     1.28879790		     1.27467488		     1.31655829		     1.72420605
 0.312		     1.29011446		     1.27590818		     1.31828194		     1.72365410
 0.313		     1.29143274		     1.27714300		     1.32000506		     1.72311404
 0.314		     1.29275274		     1.27837934		     1.32172764		     1.72258582
 0.315		     1.29407447		     1.27961719		     1.32344971		     1.72206938
 0.316		     1.29539792		     1.28085657		     1.32517128		     1.72156466
 0.317		     1.29672309		     1.28209746		     1.32689235		     1.72107163
 0.318		     1.29804998		     1.28333987		     1.32861294		     1.72059022
 0.319		     1.29937860		     1.28458379		     1.33033306		     1.72012037
 0.320		     1.30070893		     1.28582924		     1.33205272		     1.71966205
 0.321		     1.30204098		     1.28707620		     1.33377194		     1.71921518
 0.322		     1.30337476		     1.28832468		     1.33549072		     1.71877974
 0.323		     1.30471025		     1.28957467		     1.33720907		     1.71835565
 0.324		     1.30604745		     1.29082618		     1.33892701		     1.71794287
 0.325		     1.30738638		     1.29207921		     1.34064456		     1.71754136
 0.326		     1.30872703		     1.29333375		     1.34236171		     1.71715105
 0.327		     1.31006939		     1.29458981		     1.34407848		     1.71677190
 0.328		     1.31141347		     1.29584739		     1.34579488		     1.71640385
 0.329		     1.31275926		     1.29710648		     1.34751093		     1.71604687
 0.330		     1.31410677		     1.29836709		     1.34922663		     1.71570089
 0.331		     1.31545600		     1.29962922		     1.35094200		     1.71536586
 0.332		     1.31680694		     1.30089286		     1.35265704		     1.71504175
 0.333		     1.31815960		     1.30215802		     1.35437177		     1.71472850
 0.334		     1.31951397		     1.30342470		     1.35608619		     1.71442605
 0.335		     1.32087006		     1.30469289		     1.35780033		     1.71413437
 0.336		     1.32222786		     1.30596260		     1.35951418		     1.71385341
 0.337		     1.32358737		     1.30723382		     1.36122776		     1.71358311
 0.338		     1.32494860		     1.30850656		     1.36294109		     1.71332343
 0.339		     1.32631154		     1.30978082		     1.36465416		     1.71307431
 0.340		     1.32767619		     1.31105659		     1.36636700		     1.71283573
 0.341		     1.32904256		     1.31233388		     1.36807960		     1.71260761
 0.342		     1.33041064		     1.31361269		     1.36979199		     1.71238993
 0.343		     1.33178043		     1.31489301		     1.37150418		     1.71218263
 0.344		     1.33315194		     1.31617485		     1.37321616		     1.71198567
 0.345		     1.33452515		     1.31745821		     1.37492796		     1.71179900
 0.346		     1.33590008		     1.31874309		     1.37663958		     1.71162257
 0.347		     1.33727672		     1.32002948		     1.37835104		     1.71145635
 0.348		     1.33865507		     1.32131739		     1.38006234		     1.71130027
 0.349		     1.34003513		     1.32260681		     1.38177349		     1.71115431
 0.350		     1.34141691		     1.32389776		     1.38348451		     1.71101841
 0.351		     1.34280039		     1.32519022		     1.38519541		     1.71089253
 0.352		     1.34418559		     1.32648420		     1.38690618		     1.71077663
 0.353		     1.34557249		     1.32777970		     1.38861685		     1.71067065
 0.354		     1.34696111		     1.32907672		     1.39032743		     1.71057457
 0.355		     1.34835144		     1.33037525		     1.39203792		     1.71048832
 0.356		     1.34974348		     1.33167531		     1.39374833		     1.71041188
 0.357		     1.35113722		     1.33297688		     1.39545867		     1.71034519
 0.358		     1.35253268		     1.33427997		     1.39716896		     1.71028822
 0.359		     1.35392985		     1.33558459		     1.39887920		     1.71024092
 0.360		     1.35532873		     1.33689072		     1.40058941		     1.71020325
 0.361		     1.35672932		     1.33819837		     1.40229958		     1.71017516
 0.362		     1.35813162		     1.33950754		     1.40400974		     1.71015662
 0.363		     1.35953563		     1.34081824		     1.40571988		     1.71014758
 0.364		     1.36094135		     1.34213045		     1.40743003		     1.71014800
 0.365		     1.36234878		     1.34344419		     1.40914019		     1.71015783
 0.366		     1.36375792		     1.34475944		     1.41085037		     1.71017705
 0.367		     1.36516877		     1.34607622		     1.41256057		     1.71020560
 0.368		     1.36658133		     1.34739452		     1.41427082		     1.71024345
 0.369		     1.36799560		     1.34871435		     1.41598111		     1.71029056
 0.370		     1.36941158		     1.35003569		     1.41769145		     1.71034688
 0.371		     1.37082927		     1.35135856		     1.41940187		     1.71041237
 0.372		     1.37224868		     1.35268296		     1.42111235		     1.71048700
 0.373		     1.37366979		     1.35400888		     1.42282292		     1.71057073
 0.374		     1.37509261		     1.35533632		     1.42453359		     1.71066351
 0.375		     1.37651714		     1.35666528		     1.42624435		     1.71076531
 0.376		     1.37794339		     1.35799578		     1.42795523		     1.71087608
 0.377		     1.37937134		     1.35932779		     1.42966622		     1.71099580
 0.378		     1.38080101		     1.36066134		     1.43137735		     1.71112441
 0.379		     1.38223239		     1.36199641		     1.43308861		     1.71126188
 0.380		     1.38366548		     1.36333300		     1.43480002		     1.71140818
 0.381		     1.38510028		     1.36467113		     1.43651158		     1.71156326
 0.382		     1.38653679		     1.36601078		     1.43822331		     1.71172709
 0.383		     1.38797501		     1.36735196		     1.43993521		     1.71189963
 0.384		     1.38941495		     1.36869467		     1.44164729		     1.71208085
 0.385		     1.39085659		     1.37003890		     1.44335956		     1.71227069
 0.386		     1.39229995		     1.37138467		     1.44507203		     1.71246914
 0.387		     1.39374503		     1.37273197		     1.44678471		     1.71267614
 0.388		     1.39519181		     1.37408080		     1.44849760		     1.71289167
 0.389		     1.39664031		     1.37543115		     1.45021071		     1.71311569
 0.390		     1.39809052		     1.37678304		     1.45192406		     1.71334816
 0.391		     1.39954244		     1.37813647		     1.45363765		     1.71358905
 0.392		     1.40099608		     1.37949142		     1.45535149		     1.71383831
 0.393		     1.40245143		     1.38084791		     1.45706558		     1.71409592
 0.394		     1.40390850		     1.38220593		     1.45877995		     1.71436184
 0.395		     1.40536728		     1.38356549		     1.46049458		     1.71463603
 0.396		     1.40682777		     1.38492658		     1.46220950		     1.71491845
 0.397		     1.40828998		     1.38628921		     1.46392471		     1.71520909
 0.398		     1.40975391		     1.38765337		     1.46564022		     1.71550788
 0.399		     1.41121955		     1.38901907		     1.46735603		     1.71581482
 0.400		     1.41268690		     1.39038631		     1.46907216		     1.71612985
 0.401		     1.41415597		     1.39175508		     1.47078862		     1.71645295
 0.402		     1.41562676		     1.39312540		     1.47250540		     1.71678408
 0.403		     1.41709927		     1.39449725		     1.47422252		     1.71712320
 0.404		     1.41857349		     1.39587064		     1.47593999		     1.71747029
 0.405		     1.42004943		     1.39724557		     1.47765782		     1.71782531
 0.406		     1.42152709		     1.39862204		     1.47937601		     1.71818823
 0.407		     1.42300646		     1.40000006		     1.48109457		     1.71855901
 0.408		     1.42448756		     1.40137962		     1.48281350		     1.71893762
 0.409		     1.42597037		     1.40276072		     1.48453283		     1.71932403
 0.410		     1.42745491		     1.40414336		     1.48625255		     1.71971821
 0.411		     1.42894116		     1.40552755		     1.48797267		     1.72012011
 0.412		     1.43042913		     1.40691328		     1.48969320		     1.72052972
 0.413		     1.43191882		     1.40830056		     1.49141414		     1.72094700
 0.414		     1.43341024		     1.40968938		     1.49313551		     1.72137192
 0.415		     1.43490337		     1.41107975		     1.49485732		     1.72180444
 0.416		     1.43639823		     1.41247167		     1.49657956		     1.72224453
 0.417		     1.43789481		     1.41386514		     1.49830226		     1.72269217
 0.418		     1.43939311		     1.41526016		     1.50002540		     1.72314732
 0.419		     1.44089314		     1.41665672		     1.50174901		     1.72360995
 0.420		     1.44239489		     1.41805484		     1.50347309		     1.72408003
 0.421		     1.44389836		     1.41945451		     1.50519765		     1.72455753
 0.422		     1.44540356		     1.42085573		     1.50692269		     1.72504241
 0.423		     1.44691048		     1.42225851		     1.50864823		     1.72553466
 0.424		     1.44841913		     1.42366283		     1.51037426		     1.72603423
 0.425		     1.44992950		     1.42506871		     1.51210080		     1.72654110
 0.426		     1.45144160		     1.42647615		     1.51382786		     1.72705523
 0.427		     1.45295543		     1.42788515		     1.51555543		     1.72757661
 0.428		     1.45447099		     1.42929570		     1.51728354		     1.72810519
 0.429		     1.45598827		     1.43070780		     1.51901218		     1.72864096
 0.430		     1.45750728		     1.43212147		     1.52074136		     1.72918387
 0.431		     1.45902802		     1.43353670		     1.52247110		     1.72973391
 0.432		     1.46055050		     1.43495348		     1.52420139		     1.73029103
 0.433		     1.46207470		     1.43637183		     1.52593224		     1.73085522
 0.434		     1.46360063		     1.43779174		     1.52766367		     1.73142645
 0.435		     1.46512829		     1.43921321		     1.52939568		     1.73200468
 0.436		     1.46665769		     1.44063624		     1.53112827		     1.73258989
 0.437		     1.46818882		     1.44206084		     1.53286145		     1.73318205
 0.438		     1.46972168		     1.44348701		     1.53459523		     1.73378113
 0.439		     1.47125627		     1.44491474		     1.53632962		     1.73438711
 0.440		     1.47279260		     1.44634404		     1.53806462		     1.73499995
 0.441		     1.47433067		     1.44777490		     1.53980024		     1.73561963
 0.442		     1.47587047		     1.44920734		     1.54153648		     1.73624613
 0.443		     1.47741200		     1.45064134		     1.54327336		     1.73687941
 0.444		     1.47895528		     1.45207691		     1.54501088		     1.73751944
 0.445		     1.48050029		     1.45351406		     1.54674905		     1.73816621
 0.446		     1.48204704		     1.45495278		     1.54848787		     1.73881968
 0.447		     1.48359553		     1.45639307		     1.55022735		     1.73947983
 0.448		     1.48514575		     1.45783493		     1.55196749		     1.74014663
 0.449		     1.48669772		     1.45927838		     1.55370831		     1.74082006
 0.450		     1.48825143		     1.46072339		     1.55544981		     1.74150008
 0.451		     1.48980688		     1.46216999		     1.55719200		     1.74218668
 0.452		     1.49136407		     1.46361816		     1.55893488		     1.74287982
 0.453		     1.49292301		     1.46506791		     1.56067846		     1.74357948
 0.454		     1.49448368		     1.46651924		     1.56242274		     1.74428564
 0.455		     1.49604611		     1.46797215		     1.56416774		     1.74499827
 0.456		     1.49761027		     1.46942665		     1.56591346		     1.74571734
 0.457		     1.49917619		     1.47088272		     1.56765990		     1.74644284
 0.458		     1.50074385		     1.47234038		     1.56940708		     1.74717472
 0.459		     1.50231325		     1.47379963		     1.57115499		     1.74791298
 0.460		     1.50388441		     1.47526046		     1.57290365		     1.74865758
 0.461		     1.50545731		     1.47672288		     1.57465306		     1.74940850
 0.462		     1.50703197		     1.47818688		     1.57640322		     1.75016572
 0.463		     1.50860837		     1.47965248		     1.57815415		     1.75092921
 0.464		     1.51018652		     1.48111966		     1.57990585		     1.75169895
 0.465		     1.51176643		     1.48258844		     1.58165833		     1.75247491
 0.466		     1.51334809		     1.48405880		     1.58341158		     1.75325707
 0.467		     1.51493150		     1.48553077		     1.58516563		     1.75404540
 0.468		     1.51651666		     1.48700432		     1.58692047		     1.75483989
 0.469		     1.51810359		     1.48847947		     1.58867611		     1.75564050
 0.470		     1.51969226		     1.48995622		     1.59043256		     1.75644722
 0.471		     1.52128269		     1.49143456		     1.59218982		     1.75726002
 0.472		     1.52287488		     1.49291450		     1.59394789		     1.75807888
 0.473		     1.52446883		     1.49439604		     1.59570680		     1.75890378
 0.474		     1.52606454		     1.49587918		     1.59746653		     1.75973469
 0.475		     1.52766201		     1.49736393		     1.59922711		     1.76057158
 0.476		     1.52926123		     1.49885027		     1.60098852		     1.76141445
 0.477		     1.53086222		     1.50033822		     1.60275078		     1.76226326
 0.478		     1.53246497		     1.50182778		     1.60451390		     1.76311799
 0.479		     1.53406949		     1.50331894		     1.60627788		     1.76397863
 0.480		     1.53567576		     1.50481171		     1.60804272		     1.76484514
 0.481		     1.53728381		     1.50630608		     1.60980844		     1.76571751
 0.482		     1.53889361		     1.50780207		     1.61157504		     1.76659571
 0.483		     1.54050519		     1.50929966		     1.61334252		     1.76747972
 0.484		     1.54211853		     1.51079887		     1.61511089		     1.76836953
 0.485		     1.54373364		     1.51229969		     1.61688015		     1.76926510
 0.486		     1.54535052		     1.51380213		     1.61865032		     1.77016643
 0.487		     1.54696917		     1.51530618		     1.62042139		     1.77107348
 0.488		     1.54858959		     1.51681184		     1.62219338		     1.77198623
 0.489		     1.55021179		     1.51831913		     1.62396628		     1.77290467
 0.490		     1.55183575		     1.51982803		     1.62574011		     1.77382878
 0.491		     1.55346149		     1.52133855		     1.62751487		     1.77475853
 0.492		     1.55508901		     1.52285069		     1.62929056		     1.77569390
 0.493		     1.55671830		     1.52436446		     1.63106720		     1.77663487
 0.494		     1.55834937		     1.52587985		     1.63284478		     1.77758143
 0.495		     1.55998221		     1.52739686		     1.63462331		     1.77853354
 0.496		     1.56161684		     1.52891550		     1.63640281		     1.77949120
 0.497		     1.56325324		     1.53043576		     1.63818326		     1.78045438
 0.498		     1.56489142		     1.53195766		     1.63996468		     1.78142306
 0.499		     1.56653139		     1.53348118		     1.64174708		     1.78239722
 0.500		     1.56817313		     1.53500634		     1.64353046		     1.78337684
 0.501		     1.56981666		     1.53653312		     1.64531482		     1.78436191
 0.502		     1.57146198		     1.53806154		     1.64710017		     1.78535239
 0.503		     1.57310908		     1.53959159		     1.64888652		     1.78634828
 0.504		     1.57475797		     1.54112328		     1.65067387		     1.78734956
 0.505		     1.57640864		     1.54265661		     1.65246222		     1.78835620
 0.506		     1.57806110		     1.54419157		     1.65425159		     1.78936818
 0.507		     1.57971535		     1.54572818		     1.65604198		     1.79038549
 0.508		     1.58137139		     1.54726642		     1.65783339		     1.79140811
 0.509		     1.58302923		     1.54880630		     1.65962582		     1.79243602
 0.510		     1.58468885		     1.55034783		     1.66141929		     1.79346920
 0.511		     1.58635027		     1.55189101		     1.66321380		     1.79450763
 0.512		     1.58801349		     1.55343583		     1.66500935		     1.79555130
 0.513		     1.58967850		     1.55498229		     1.66680595		     1.79660018
 0.514		     1.59134530		     1.55653041		     1.66860361		     1.79765426
 0.515		     1.59301391		     1.55808017		     1.67040232		     1.79871351
 0.516		     1.59468431		     1.55963159		     1.67220210		     1.79977793
 0.517		     1.59635651		     1.56118465		     1.67400294		     1.80084749
 0.518		     1.59803051		     1.56273937		     1.67580487		     1.80192218
 0.519		     1.59970632		     1.56429575		     1.67760787		     1.80300198
 0.520		     1.60138393		     1.56585378		     1.67941196		     1.80408687
 0.521		     1.60306334		     1.56741347		     1.68121713		     1.80517683
 0.522		     1.60474456		     1.56897482		     1.68302340		     1.80627184
 0.523		     1.60642758		     1.57053783		     1.68483078		     1.80737189
 0.524		     1.60811241		     1.57210250		     1.68663925		     1.80847697
 0.525		     1.60979905		     1.57366883		     1.68844884		     1.80958705
 0.526		     1.61148750		     1.57523683		     1.69025954		     1.81070212
 0.527		     1.61317776		     1.57680649		     1.69207136		     1.81182215
 0.528		     1.61486983		     1.57837782		     1.69388431		     1.81294715
 0.529		     1.61656371		     1.57995082		     1.69569839		     1.81407707
 0.530		     1.61825941		     1.58152548		     1.69751360		     1.81521192
 0.531		     1.61995692		     1.58310182		     1.69932995		     1.81635168
 0.532		     1.62165625		     1.58467983		     1.70114745		     1.81749632
 0.533		     1.62335740		     1.58625952		     1.70296609		     1.81864583
 0.534		     1.62506037		     1.58784088		     1.70478589		     1.81980020
 0.535		     1.62676515		     1.58942392		     1.70660685		     1.82095941
 0.536		     1.62847176		     1.59100863		     1.70842898		     1.82212344
 0.537		     1.63018019		     1.59259502		     1.71025227		     1.82329228
 0.538		     1.63189044		     1.59418310		     1.71207674		     1.82446591
 0.539		     1.63360252		     1.59577286		     1.71390238		     1.82564431
 0.540		     1.63531642		     1.59736430		     1.71572921		     1.82682748
 0.541		     1.63703215		     1.59895742		     1.71755722		     1.82801539
 0.542		     1.63874971		     1.60055224		     1.71938643		     1.82920804
 0.543		     1.64046909		     1.60214874		     1.72121684		     1.83040539
 0.544		     1.64219031		     1.60374693		     1.72304844		     1.83160745
 0.545		     1.64391336		     1.60534681		     1.72488126		     1.83281419
 0.546		     1.64563824		     1.60694838		     1.72671528		     1.83402560
 0.547		     1.64736496		     1.60855164		     1.72855052		     1.83524166
 0.548		     1.64909351		     1.61015661		     1.73038699		     1.83646236
 0.549		     1.65082389		     1.61176326		     1.73222467		     1.83768769
 0.550		     1.65255612		     1.61337162		     1.73406359		     1.83891763
 0.551		     1.65429018		     1.61498168		     1.73590374		     1.84015216
 0.552		     1.65602609		     1.61659343		     1.73774514		     1.84139127
 0.553		     1.65776383		     1.61820689		     1.73958777		     1.84263495
 0.554		     1.65950342		     1.61982205		     1.74143165		     1.84388318
 0.555		     1.66124485		     1.62143892		     1.74327679		     1.84513595
 0.556		     1.66298813		     1.62305750		     1.74512318		     1.84639324
 0.557		     1.66473325		     1.62467778		     1.74697084		     1.84765504
 0.558		     1.66648022		     1.62629977		     1.74881976		     1.84892134
 0.559		     1.66822904		     1.62792348		     1.75066995		     1.85019212
 0.560		     1.66997971		     1.62954890		     1.75252142		     1.85146737
 0.561		     1.67173223		     1.63117603		     1.75437417		     1.85274707
 0.562		     1.67348661		     1.63280488		     1.75622820		     1.85403121
 0.563		     1.67524283		     1.63443544		     1.75808352		     1.85531978
 0.564		     1.67700092		     1.63606772		     1.75994013		     1.85661276
 0.565		     1.67876086		     1.63770173		     1.76179804		     1.85791014
 0.566		     1.68052266		     1.63933746		     1.76365725		     1.85921191
 0.567		     1.68228631		     1.64097491		     1.76551777		     1.86051806
 0.568		     1.68405183		     1.64261408		     1.76737960		     1.86182856
 0.569		     1.68581921		     1.64425498		     1.76924274		     1.86314341
 0.570		     1.68758845		     1.64589761		     1.77110720		     1.86446260
 0.571		     1.68935956		     1.64754197		     1.77297299		     1.86578611
 0.572		     1.69113253		     1.64918806		     1.77484010		     1.86711392
 0.573		     1.69290737		     1.65083588		     1.77670855		     1.86844604
 0.574		     1.69468408		     1.65248544		     1.77857833		     1.86978243
 0.575		     1.69646266		     1.65413674		     1.78044946		     1.87112310
 0.576		     1.69824311		     1.65578977		     1.78232192		     1.87246803
 0.577		     1.70002543		     1.65744454		     1.78419574		     1.87381720
 0.578		     1.70180963		     1.65910105		     1.78607091		     1.87517060
 0.579		     1.70359570		     1.66075930		     1.78794744		     1.87652823
 0.580		     1.70538365		     1.66241930		     1.78982533		     1.87789007
 0.581		     1.70717347		     1.66408104		     1.79170459		     1.87925610
 0.582		     1.70896518		     1.66574453		     1.79358521		     1.88062632
 0.583		     1.71075876		     1.66740976		     1.79546721		     1.88200071
 0.584		     1.71255423		     1.66907675		     1.79735059		     1.88337926
 0.585		     1.71435158		     1.67074549		     1.79923535		     1.88476196
 0.586		     1.71615081		     1.67241598		     1.80112150		     1.88614880
 0.587		     1.71795194		     1.67408823		     1.80300904		     1.88753977
 0.588		     1.71975494		     1.67576223		     1.80489798		     1.88893485
 0.589		     1.72155984		     1.67743799		     1.80678831		     1.89033403
 0.590		     1.72336663		     1.67911552		     1.80868005		     1.89173730
 0.591		     1.72517531		     1.68079480		     1.81057319		     1.89314466
 0.592		     1.72698588		     1.68247584		     1.81246775		     1.89455608
 0.593		     1.72879835		     1.68415866		     1.81436372		     1.89597156
 0.594		     1.73061272		     1.68584323		     1.81626111		     1.89739109
 0.595		     1.73242898		     1.68752958		     1.81815993		     1.89881465
 0.596		     1.73424714		     1.68921769		     1.82006017		     1.90024224
 0.597		     1.73606720		     1.69090758		     1.82196184		     1.90167384
 0.598		     1.73788916		     1.69259924		     1.82386495		     1.90310944
 0.599		     1.73971302		     1.69429267		     1.82576950		     1.90454904
 0.600		     1.74153879		     1.69598788		     1.82767549		     1.90599261
 0.601		     1.74336647		     1.69768487		     1.82958293		     1.90744016
 0.602		     1.74519605		     1.69938363		     1.83149183		     1.90889167
 0.603		     1.74702754		     1.70108418		     1.83340217		     1.91034712
 0.604		     1.74886095		     1.70278651		     1.83531398		     1.91180652
 0.605		     1.75069626		     1.70449063		     1.83722725		     1.91326984
 0.606		     1.75253349		     1.70619653		     1.83914199		     1.91473708
 0.607		     1.75437263		     1.70790422		     1.84105820		     1.91620823
 0.608		     1.75621369		     1.70961370		     1.84297588		     1.91768328
 0.609		     1.75805666		     1.71132497		     1.84489504		     1.91916221
 0.610		     1.75990156		     1.71303803		     1.84681569		     1.92064502
 0.611		     1.76174837		     1.71475289		     1.84873782		     1.92213170
 0.612		     1.76359711		     1.71646954		     1.85066144		     1.92362224
 0.613		     1.76544777		     1.71818799		     1.85258656		     1.92511663
 0.614		     1.76730036		     1.71990824		     1.85451317		     1.92661485
 0.615		     1.76915487		     1.72163030		     1.85644129		     1.92811690
 0.616		     1.77101131		     1.72335415		     1.85837091		     1.92962277
 0.617		     1.77286968		     1.72507982		     1.86030204		     1.93113245
 0.618		     1.77472999		     1.72680728		     1.86223469		     1.93264593
 0.619		     1.77659222		     1.72853656		     1.86416885		     1.93416320
 0.620		     1.77845639		     1.73026765		     1.86610454		     1.93568425
 0.621		     1.78032250		     1.73200055		     1.86804175		     1.93720908
 0.622		     1.78219054		     1.73373526		     1.86998048		     1.93873766
 0.623		     1.78406052		     1.73547179		     1.87192075		     1.94027000
 0.624		     1.78593244		     1.73721013		     1.87386256		     1.94180608
 0.625		     1.78780630		     1.73895029		     1.87580591		     1.94334590
 0.626		     1.78968211		     1.74069228		     1.87775079		     1.94488944
 0.627		     1.79155986		     1.74243608		     1.87969723		     1.94643670
 0.628		     1.79343955		     1.74418171		     1.88164522		     1.94798766
 0.629		     1.79532120		     1.74592917		     1.88359476		     1.94954233
 0.630		     1.79720479		     1.74767845		     1.88554586		     1.95110068
 0.631		     1.79909034		     1.74942956		     1.88749852		     1.95266272
 0.632		     1.80097784		     1.75118251		     1.88945275		     1.95422843
 0.633		     1.80286729		     1.75293729		     1.89140855		     1.95579780
 0.634		     1.80475870		     1.75469390		     1.89336592		     1.95737083
 0.635		     1.80665207		     1.75645235		     1.89532487		     1.95894751
 0.636		     1.80854739		     1.75821263		     1.89728540		     1.96052783
 0.637		     1.81044468		     1.75997476		     1.89924751		     1.96211177
 0.638		     1.81234392		     1.76173873		     1.90121121		     1.96369934
 0.639		     1.81424514		     1.76350454		     1.90317650		     1.96529053
 0.640		     1.81614831		     1.76527219		     1.90514338		     1.96688531
 0.641		     1.81805345		     1.76704170		     1.90711187		     1.96848370
 0.642		     1.81996057		     1.76881305		     1.90908195		     1.97008567
 0.643		     1.82186965		     1.77058626		     1.91105364		     1.97169123
 0.644		     1.82378070		     1.77236131		     1.91302695		     1.97330036
 0.645		     1.82569373		     1.77413822		     1.91500186		     1.97491306
 0.646		     1.82760873		     1.77591699		     1.91697839		     1.97652931
 0.647		     1.82952571		     1.77769762		     1.91895654		     1.97814911
 0.648		     1.83144467		     1.77948010		     1.92093631		     1.97977246
 0.649		     1.83336560		     1.78126445		     1.92291771		     1.98139934
 0.650		     1.83528852		     1.78305066		     1.92490074		     1.98302974
 0.651		     1.83721342		     1.78483873		     1.92688540		     1.98466367
 0.652		     1.83914031		     1.78662868		     1.92887170		     1.98630111
 0.653		     1.84106918		     1.78842049		     1.93085965		     1.98794205
 0.654		     1.84300004		     1.79021417		     1.93284923		     1.98958649
 0.655		     1.84493289		     1.79200973		     1.93484047		     1.99123442
 0.656		     1.84686773		     1.79380716		     1.93683335		     1.99288583
 0.657		     1.84880456		     1.79560647		     1.93882789		     1.99454071
 0.658		     1.85074339		     1.79740765		     1.94082409		     1.99619906
 0.659		     1.85268421		     1.79921072		     1.94282195		     1.99786088
 0.660		     1.85462703		     1.80101567		     1.94482148		     1.99952614
 0.661		     1.85657186		     1.80282250		     1.94682267		     2.00119485
 0.662		     1.85851868		     1.80463121		     1.94882554		     2.00286701
 0.663		     1.86046750		     1.80644182		     1.95083008		     2.00454259
 0.664		     1.86241833		     1.80825431		     1.95283630		     2.00622160
 0.665		     1.86437117		     1.81006870		     1.95484421		     2.00790403
 0.666		     1.86632601		     1.81188498		     1.95685380		     2.00958987
 0.667		     1.86828287		     1.81370315		     1.95886508		     2.01127912
 0.668		     1.87024173		     1.81552322		     1.96087805		     2.01297176
 0.669		     1.87220261		     1.81734519		     1.96289272		     2.01466780
 0.670		     1.87416550		     1.81916906		     1.96490908		     2.01636722
 0.671		     1.87613041		     1.82099484		     1.96692715		     2.01807002
 0.672		     1.87809734		     1.82282252		     1.96894693		     2.01977619
 0.673		     1.88006629		     1.82465210		     1.97096842		     2.02148573
 0.674		     1.88203726		     1.82648359		     1.97299162		     2.02319862
 0.675		     1.88401025		     1.82831700		     1.97501653		     2.02491487
 0.676		     1.88598526		     1.83015231		     1.97704316		     2.02663447
 0.677		     1.88796231		     1.83198954		     1.97907152		     2.02835740
 0.678		     1.88994138		     1.83382869		     1.98110161		     2.03008367
 0.679		     1.89192248		     1.83566975		     1.98313342		     2.03181327
 0.680		     1.89390561		     1.83751274		     1.98516696		     2.03354619
 0.681		     1.89589078		     1.83935764		     1.98720225		     2.03528243
 0.682		     1.89787798		     1.84120447		     1.98923927		     2.03702197
 0.683		     1.89986722		     1.84305323		     1.99127803		     2.03876482
 0.684		     1.90185850		     1.84490391		     1.99331855		     2.04051097
 0.685		     1.90385182		     1.84675652		     1.99536081		     2.04226040
 0.686		     1.90584718		     1.84861107		     1.99740482		     2.04401313
 0.687		     1.90784458		     1.85046755		     1.99945059		     2.04576913
 0.688		     1.90984404		     1.85232596		     2.00149812		     2.04752841
 0.689		     1.91184553		     1.85418631		     2.00354741		     2.04929096
 0.690		     1.91384908		     1.85604860		     2.00559846		     2.05105677
 0.691		     1.91585468		     1.85791283		     2.00765129		     2.05282584
 0.692		     1.91786233		     1.85977901		     2.00970589		     2.05459816
 0.693		     1.91987204		     1.86164713		     2.01176226		     2.05637373
 0.694		     1.92188380		     1.86351719		     2.01382041		     2.05815254
 0.695		     1.92389762		     1.86538921		     2.01588035		     2.05993458
 0.696		     1.92591350		     1.86726318		     2.01794207		     2.06171985
 0.697		     1.92793144		     1.86913910		     2.02000558		     2.06350835
 0.698		     1.92995145		     1.87101697		     2.02207088		     2.06530007
 0.699		     1.93197352		     1.87289680		     2.02413797		     2.06709500
 0.700		     1.93399766		     1.87477860		     2.02620687		     2.06889314
 0.701		     1.93602386		     1.87666235		     2.02827756		     2.07069449
 0.702		     1.93805214		     1.87854806		     2.03035006		     2.07249903
 0.703		     1.94008249		     1.88043574		     2.03242437		     2.07430677
 0.704		     1.94211491		     1.88232539		     2.03450048		     2.07611769
 0.705		     1.94414942		     1.88421701		     2.03657841		     2.07793180
 0.706		     1.94618599		     1.88611060		     2.03865816		     2.07974909
 0.707		     1.94822465		     1.88800616		     2.04073973		     2.08156955
 0.708		     1.95026539		     1.88990369		     2.04282313		     2.08339318
 0.709		     1.95230821		     1.89180321		     2.04490835		     2.08521997
 0.710		     1.95435312		     1.89370470		     2.04699540		     2.08704992
 0.711		     1.95640012		     1.89560817		     2.04908428		     2.08888303
 0.712		     1.95844920		     1.89751363		     2.05117500		     2.09071929
 0.713		     1.96050038		     1.89942107		     2.05326756		     2.09255869
 0.714		     1.96255365		     1.90133050		     2.05536196		     2.09440123
 0.715		     1.96460901		     1.90324191		     2.05745821		     2.09624690
 0.716		     1.96666647		     1.90515532		     2.05955630		     2.09809571
 0.717		     1.96872602		     1.90707072		     2.06165625		     2.09994764
 0.718		     1.97078768		     1.90898812		     2.06375805		     2.10180270
 0.719		     1.97285144		     1.91090752		     2.06586171		     2.10366087
 0.720		     1.97491730		     1.91282891		     2.06796723		     2.10552216
 0.721		     1.97698527		     1.91475230		     2.07007462		     2.10738655
 0.722		     1.97905534		     1.91667770		     2.07218388		     2.10925405
 0.723		     1.98112752		     1.91860511		     2.07429500		     2.11112465
 0.724		     1.98320182		     1.92053452		     2.07640800		     2.11299834
 0.725		     1.98527823		     1.92246594		     2.07852287		     2.11487513
 0.726		     1.98735675		     1.92439937		     2.08063963		     2.11675500
 0.727		     1.98943739		     1.92633482		     2.08275827		     2.11863796
 0.728		     1.99152015		     1.92827228		     2.08487879		     2.12052400
 0.729		     1.99360503		     1.93021176		     2.08700120		     2.12241311
 0.730		     1.99569203		     1.93215326		     2.08912551		     2.12430529
 0.731		     1.99778115		     1.93409678		     2.09125171		     2.12620054
 0.732		     1.99987240		     1.93604233		     2.09337981		     2.12809885
 0.733		     2.00196578		     1.93798990		     2.09550981		     2.13000022
 0.734		     2.00406129		     1.93993950		     2.09764171		     2.13190465
 0.735		     2.00615894		     1.94189113		     2.09977553		     2.13381213
 0.736		     2.00825871		     1.94384480		     2.10191125		     2.13572265
 0.737		     2.01036062		     1.94580050		     2.10404888		     2.13763622
 0.738		     2.01246467		     1.94775823		     2.10618844		     2.13955283
 0.739		     2.01457086		     1.94971800		     2.10832991		     2.14147248
 0.740		     2.01667919		     1.95167982		     2.11047330		     2.14339515
 0.741		     2.01878966		     1.95364367		     2.11261863		     2.14532086
 0.742		     2.02090228		     1.95560958		     2.11476588		     2.14724959
 0.743		     2.02301705		     1.95757752		     2.11691506		     2.14918135
 0.744		     2.02513396		     1.95954752		     2.11906617		     2.15111612
 0.745		     2.02725303		     1.96151957		     2.12121923		     2.15305390
 0.746		     2.02937425		     1.96349368		     2.12337422		     2.15499470
 0.747		     2.03149762		     1.96546983		     2.12553116		     2.15693851
 0.748		     2.03362315		     1.96744805		     2.12769005		     2.15888532
 0.749		     2.03575084		     1.96942833		     2.12985088		     2.16083513
 0.750		     2.03788069		     1.97141066		     2.13201367		     2.16278794
 0.751		     2.04001271		     1.97339507		     2.13417841		     2.16474374
 0.752		     2.04214689		     1.97538153		     2.13634511		     2.16670254
 0.753		     2.04428323		     1.97737007		     2.13851378		     2.16866432
 0.754		     2.04642175		     1.97936068		     2.14068441		     2.17062909
 0.755		     2.04856243		     1.98135336		     2.14285700		     2.17259683
 0.756		     2.05070529		     1.98334811		     2.14503157		     2.17456756
 0.757		     2.05285032		     1.98534494		     2.14720811		     2.17654126
 0.758		     2.05499753		     1.98734385		     2.14938663		     2.17851794
 0.759		     2.05714691		     1.98934484		     2.15156713		     2.18049758
 0.760		     2.05929848		     1.99134792		     2.15374961		     2.18248019
 0.761		     2.06145223		     1.99335308		     2.15593407		     2.18446576
 0.762		     2.06360816		     1.99536032		     2.15812053		     2.18645429
 0.763		     2.06576628		     1.99736966		     2.16030897		     2.18844578
 0.764		     2.06792659		     1.99938109		     2.16249942		     2.19044023
 0.765		     2.07008909		     2.00139461		     2.16469185		     2.19243762
 0.766		     2.07225378		     2.00341023		     2.16688629		     2.19443797
 0.767		     2.07442067		     2.00542795		     2.16908273		     2.19644126
 0.768		     2.07658975		     2.00744777		     2.17128118		     2.19844749
 0.769		     2.07876103		     2.00946969		     2.17348164		     2.20045666
 0.770		     2.08093452		     2.01149372		     2.17568410		     2.20246877
 0.771		     2.08311020		     2.01351985		     2.17788859		     2.20448382
 0.772		     2.08528809		     2.01554810		     2.18009509		     2.20650180
 0.773		     2.08746818		     2.01757845		     2.18230361		     2.20852271
 0.774		     2.08965049		     2.01961092		     2.18451416		     2.21054654
 0.775		     2.09183500		     2.02164551		     2.18672673		     2.21257330
 0.776		     2.09402173		     2.02368221		     2.18894134		     2.21460298
 0.777		     2.09621067		     2.02572103		     2.19115797		     2.21663559
 0.778		     2.09840183		     2.02776198		     2.19337664		     2.21867110
 0.779		     2.10059520		     2.02980505		     2.19559735		     2.22070954
 0.780		     2.10279080		     2.03185025		     2.19782010		     2.22275088
 0.781		     2.10498862		     2.03389757		     2.20004490		     2.22479514
 0.782		     2.10718867		     2.03594703		     2.20227174		     2.22684230
 0.783		     2.10939094		     2.03799862		     2.20450063		     2.22889237
 0.784		     2.11159544		     2.04005235		     2.20673158		     2.23094534
 0.785		     2.11380217		     2.04210822		     2.20896458		     2.23300121
 0.786		     2.11601114		     2.04416622		     2.21119964		     2.23505998
 0.787		     2.11822234		     2.04622637		     2.21343676		     2.23712165
 0.788		     2.12043577		     2.04828866		     2.21567595		     2.23918621
 0.789		     2.12265145		     2.05035310		     2.21791720		     2.24125366
 0.790		     2.12486937		     2.05241969		     2.22016053		     2.24332400
 0.791		     2.12708953		     2.05448843		     2.22240592		     2.24539723
 0.792		     2.12931193		     2.05655933		     2.22465340		     2.24747335
 0.793		     2.13153659		     2.05863238		     2.22690295		     2.24955234
 0.794		     2.13376349		     2.06070759		     2.22915458		     2.25163422
 0.795		     2.13599264		     2.06278495		     2.23140830		     2.25371898
 0.796		     2.13822405		     2.06486449		     2.23366411		     2.25580662
 0.797		     2.14045772		     2.06694618		     2.23592200		     2.25789713
 0.798		     2.14269364		     2.06903005		     2.23818200		     2.25999052
 0.799		     2.14493182		     2.07111608		     2.24044408		     2.26208677
 0.800		     2.14717226		     2.07320428		     2.24270827		     2.26418590
 0.801		     2.14941497		     2.07529466		     2.24497456		     2.26628790
 0.802		     2.15165995		     2.07738722		     2.24724295		     2.26839276
 0.803		     2.15390719		     2.07948195		     2.24951345		     2.27050049
 0.804		     2.15615670		     2.08157886		     2.25178606		     2.27261107
 0.805		     2.15840849		     2.08367796		     2.25406078		     2.27472452
 0.806		     2.16066255		     2.08577924		     2.25633763		     2.27684083
 0.807		     2.16291889		     2.08788271		     2.25861659		     2.27896000
 0.808		     2.16517750		     2.08998837		     2.26089767		     2.28108202
 0.809		     2.16743840		     2.09209622		     2.26318087		     2.28320690
 0.810		     2.16970158		     2.09420627		     2.26546621		     2.28533463
 0.811		     2.17196705		     2.09631851		     2.26775367		     2.28746521
 0.812		     2.17423480		     2.09843295		     2.27004327		     2.28959864
 0.813		     2.17650485		     2.10054959		     2.27233501		     2.29173492
 0.814		     2.17877718		     2.10266844		     2.27462888		     2.29387405
 0.815		     2.18105181		     2.10478949		     2.27692490		     2.29601602
 0.816		     2.18332873		     2.10691275		     2.27922306		     2.29816083
 0.817		     2.18560796		     2.10903822		     2.28152337		     2.30030848
 0.818		     2.18788948		     2.11116591		     2.28382583		     2.30245898
 0.819		     2.19017331		     2.11329581		     2.28613044		     2.30461232
 0.820		     2.19245944		     2.11542792		     2.28843721		     2.30676849
 0.821		     2.19474787		     2.11756226		     2.29074613		     2.30892750
 0.822		     2.19703862		     2.11969882		     2.29305722		     2.31108935
 0.823		     2.19933168		     2.12183760		     2.29537048		     2.31325403
 0.824		     2.20162705		     2.12397861		     2.29768590		     2.31542154
 0.825		     2.20392473		     2.12612185		     2.30000349		     2.31759188
 0.826		     2.20622474		     2.12826732		     2.30232326		     2.31976506
 0.827		     2.20852706		     2.13041502		     2.30464520		     2.32194106
 0.828		     2.21083171		     2.13256496		     2.30696932		     2.32411989
 0.829		     2.21313867		     2.13471714		     2.30929562		     2.32630155
 0.830		     2.21544797		     2.13687156		     2.31162411		     2.32848603
 0.831		     2.21775959		     2.13902822		     2.31395478		     2.33067334
 0.832		     2.22007355		     2.14118712		     2.31628764		     2.33286347
 0.833		     2.22238984		     2.14334828		     2.31862270		     2.33505643
 0.834		     2.22470846		     2.14551168		     2.32095995		     2.33725220
 0.835		     2.22702942		     2.14767734		     2.32329940		     2.33945080
 0.836		     2.22935272		     2.14984525		     2.32564105		     2.34165222
 0.837		     2.23167836		     2.15201542		     2.32798491		     2.34385645
 0.838		     2.23400634		     2.15418785		     2.33033097		     2.34606350
 0.839		     2.23633668		     2.15636254		     2.33267925		     2.34827337
 0.840		     2.23866936		     2.15853949		     2.33502973		     2.35048605
 0.841		     2.24100438		     2.16071872		     2.33738243		     2.35270155
 0.842		     2.24334177		     2.16290021		     2.33973735		     2.35491986
 0.843		     2.24568150		     2.16508397		     2.34209450		     2.35714098
 0.844		     2.24802360		     2.16727000		     2.34445386		     2.35936492
 0.845		     2.25036805		     2.16945831		     2.34681545		     2.36159167
 0.846		     2.25271487		     2.17164890		     2.34917927		     2.36382122
 0.847		     2.25506405		     2.17384177		     2.35154533		     2.36605359
 0.848		     2.25741559		     2.17603693		     2.35391362		     2.36828877
 0.849		     2.25976951		     2.17823437		     2.35628414		     2.37052675
 0.850		     2.26212579		     2.18043409		     2.35865691		     2.37276755
 0.851		     2.26448445		     2.18263611		     2.36103192		     2.37501115
 0.852		     2.26684548		     2.18484042		     2.36340918		     2.37725755
 0.853		     2.26920889		     2.18704703		     2.36578869		     2.37950676
 0.854		     2.27157468		     2.18925593		     2.36817044		     2.38175878
 0.855		     2.27394285		     2.19146713		     2.37055446		     2.38401360
 0.856		     2.27631340		     2.19368064		     2.37294073		     2.38627123
 0.857		     2.27868634		     2.19589645		     2.37532926		     2.38853166
 0.858		     2.28106167		     2.19811457		     2.37772006		     2.39079489
 0.859		     2.28343939		     2.20033499		     2.38011312		     2.39306092
 0.860		     2.28581951		     2.20255773		     2.38250845		     2.39532975
 0.861		     2.28820201		     2.20478279		     2.38490605		     2.39760139
 0.862		     2.29058692		     2.20701016		     2.38730592		     2.39987583
 0.863		     2.29297423		     2.20923985		     2.38970808		     2.40215307
 0.864		     2.29536393		     2.21147186		     2.39211251		     2.40443310
 0.865		     2.29775605		     2.21370619		     2.39451923		     2.40671594
 0.866		     2.30015057		     2.21594286		     2.39692823		     2.40900158
 0.867		     2.30254749		     2.21818185		     2.39933952		     2.41129001
 0.868		     2.30494683		     2.22042317		     2.40175310		     2.41358124
 0.869		     2.30734859		     2.22266683		     2.40416897		     2.41587527
 0.870		     2.30975276		     2.22491282		     2.40658715		     2.41817210
 0.871		     2.31215934		     2.22716115		     2.40900762		     2.42047173
 0.872		     2.31456835		     2.22941183		     2.41143039		     2.42277415
 0.873		     2.31697978		     2.23166484		     2.41385547		     2.42507937
 0.874		     2.31939364		     2.23392021		     2.41628286		     2.42738739
 0.875		     2.32180992		     2.23617792		     2.41871256		     2.42969820
 0.876		     2.32422863		     2.23843798		     2.42114457		     2.43201182
 0.877		     2.32664978		     2.24070040		     2.42357890		     2.43432822
 0.878		     2.32907336		     2.24296517		     2.42601554		     2.43664742
 0.879		     2.33149937		     2.24523230		     2.42845451		     2.43896942
 0.880		     2.33392783		     2.24750179		     2.43089581		     2.44129422
 0.881		     2.33635872		     2.24977365		     2.43333943		     2.44362181
 0.882		     2.33879206		     2.25204787		     2.43578538		     2.44595219
 0.883		     2.34122785		     2.25432446		     2.43823367		     2.44828537
 0.884		     2.34366608		     2.25660342		     2.44068429		     2.45062135
 0.885		     2.34610676		     2.25888475		     2.44313725		     2.45296012
 0.886		     2.34854990		     2.26116846		     2.44559255		     2.45530169
 0.887		     2.35099549		     2.26345455		     2.44805020		     2.45764605
 0.888		     2.35344354		     2.26574301		     2.45051019		     2.45999321
 0.889		     2.35589405		     2.26803387		     2.45297253		     2.46234316
 0.890		     2.35834703		     2.27032710		     2.45543723		     2.46469591
 0.891		     2.36080246		     2.27262273		     2.45790428		     2.46705145
 0.892		     2.36326037		     2.27492074		     2.46037369		     2.46940979
 0.893		     2.36572074		     2.27722115		     2.46284546		     2.47177093
 0.894		     2.36818359		     2.27952396		     2.46531960		     2.47413486
 0.895		     2.37064891		     2.28182916		     2.46779610		     2.47650159
 0.896		     2.37311670		     2.28413677		     2.47027497		     2.47887111
 0.897		     2.37558698		     2.28644677		     2.47275621		     2.48124343
 0.898		     2.37805973		     2.28875919		     2.47523983		     2.48361855
 0.899		     2.38053497		     2.29107401		     2.47772583		     2.48599646
 0.900		     2.38301270		     2.29339124		     2.48021420		     2.48837717
 0.901		     2.38549291		     2.29571088		     2.48270496		     2.49076068
 0.902		     2.38797562		     2.29803295		     2.48519811		     2.49314698
 0.903		     2.39046082		     2.30035743		     2.48769365		     2.49553608
 0.904		     2.39294851		     2.30268433		     2.49019158		     2.49792798
 0.905		     2.39543870		     2.30501365		     2.49269190		     2.50032268
 0.906		     2.39793139		     2.30734540		     2.49519462		     2.50272018
 0.907		     2.40042659		     2.30967958		     2.49769974		     2.50512047
 0.908		     2.40292429		     2.31201619		     2.50020726		     2.50752357
 0.909		     2.40542450		     2.31435523		     2.50271719		     2.50992946
 0.910		     2.40792721		     2.31669671		     2.50522953		     2.51233816
 0.911		     2.41043244		     2.31904063		     2.50774428		     2.51474965
 0.912		     2.41294019		     2.32138699		     2.51026144		     2.51716395
 0.913		     2.41545045		     2.32373579		     2.51278102		     2.51958104
 0.914		     2.41796323		     2.32608704		     2.51530303		     2.52200094
 0.915		     2.42047853		     2.32844074		     2.51782745		     2.52442364
 0.916		     2.42299636		     2.33079689		     2.52035430		     2.52684915
 0.917		     2.42551671		     2.33315549		     2.52288358		     2.52927745
 0.918		     2.42803960		     2.33551655		     2.52541528		     2.53170856
 0.919		     2.43056501		     2.33788007		     2.52794943		     2.53414247
 0.920		     2.43309296		     2.34024606		     2.53048601		     2.53657919
 0.921		     2.43562345		     2.34261450		     2.53302502		     2.53901872
 0.922		     2.43815647		     2.34498541		     2.53556649		     2.54146104
 0.923		     2.44069204		     2.34735880		     2.53811039		     2.54390618
 0.924		     2.44323015		     2.34973465		     2.54065675		     2.54635412
 0.925		     2.44577081		     2.35211298		     2.54320555		     2.54880487
 0.926		     2.44831401		     2.35449379		     2.54575681		     2.55125843
 0.927		     2.45085977		     2.35687707		     2.54831052		     2.55371479
 0.928		     2.45340808		     2.35926284		     2.55086670		     2.55617397
 0.929		     2.45595895		     2.36165109		     2.55342533		     2.55863596
 0.930		     2.45851237		     2.36404183		     2.55598643		     2.56110075
 0.931		     2.46106836		     2.36643507		     2.55855000		     2.56356836
 0.932		     2.46362691		     2.36883079		     2.56111604		     2.56603878
 0.933		     2.46618802		     2.37122901		     2.56368455		     2.56851201
 0.934		     2.46875171		     2.37362973		     2.56625554		     2.57098806
 0.935		     2.47131796		     2.37603294		     2.56882901		     2.57346692
 0.936		     2.47388679		     2.37843867		     2.57140496		     2.57594859
 0.937		     2.47645820		     2.38084689		     2.57398339		     2.57843308
 0.938		     2.47903218		     2.38325763		     2.57656431		     2.58092039
 0.939		     2.48160875		     2.38567087		     2.57914772		     2.58341052
 0.940		     2.48418789		     2.38808664		     2.58173363		     2.58590346
 0.941		     2.48676963		     2.39050491		     2.58432202		     2.58839922
 0.942		     2.48935395		     2.39292571		     2.58691292		     2.59089781
 0.943		     2.49194086		     2.39534903		     2.58950632		     2.59339921
 0.944		     2.49453037		     2.39777487		     2.59210222		     2.59590343
 0.945		     2.49712247		     2.40020324		     2.59470064		     2.59841048
 0.946		     2.49971717		     2.40263413		     2.59730156		     2.60092035
 0.947		     2.50231447		     2.40506756		     2.59990499		     2.60343304
 0.948		     2.50491438		     2.40750353		     2.60251094		     2.60594856
 0.949		     2.50751689		     2.40994203		     2.60511940		     2.60846691
 0.950		     2.51012201		     2.41238307		     2.60773039		     2.61098808
 0.951		     2.51272974		     2.41482666		     2.61034390		     2.61351208
 0.952		     2.51534008		     2.41727279		     2.61295994		     2.61603891
 0.953		     2.51795304		     2.41972147		     2.61557851		     2.61856857
 0.954		     2.52056862		     2.42217270		     2.61819961		     2.62110107
 0.955		     2.52318682		     2.42462648		     2.62082325		     2.62363639
 0.956		     2.52580764		     2.42708282		     2.62344942		     2.62617455
 0.957		     2.52843109		     2.42954172		     2.62607814		     2.62871554
 0.958		     2.53105717		     2.43200318		     2.62870940		     2.63125936
 0.959		     2.53368588		     2.43446720		     2.63134320		     2.63380602
 0.960		     2.53631722		     2.43693379		     2.63397956		     2.63635552
 0.961		     2.53895120		     2.43940295		     2.63661847		     2.63890786
 0.962		     2.54158782		     2.44187468		     2.63925993		     2.64146304
 0.963		     2.54422708		     2.44434899		     2.64190395		     2.64402105
 0.964		     2.54686899		     2.44682587		     2.64455053		     2.64658191
 0.965		     2.54951354		     2.44930533		     2.64719968		     2.64914561
 0.966		     2.55216074		     2.45178738		     2.64985139		     2.65171216
 0.967		     2.55481059		     2.45427201		     2.65250567		     2.65428155
 0.968		     2.55746309		     2.45675923		     2.65516253		     2.65685379
 0.969		     2.56011826		     2.45924904		     2.65782196		     2.65942887
 0.970		     2.56277608		     2.46174145		     2.66048396		     2.66200681
 0.971		     2.56543656		     2.46423645		     2.66314855		     2.66458759
 0.972		     2.56809971		     2.46673405		     2.66581572		     2.66717122
 0.973		     2.57076553		     2.46923425		     2.66848548		     2.66975771
 0.974		     2.57343401		     2.47173706		     2.67115783		     2.67234705
 0.975		     2.57610517		     2.47424247		     2.67383277		     2.67493925
 0.976		     2.57877900		     2.47675050		     2.67651030		     2.67753430
 0.977		     2.58145551		     2.47926113		     2.67919043		     2.68013221
 0.978		     2.58413470		     2.48177439		     2.68187317		     2.68273297
 0.979		     2.58681658		     2.48429025		     2.68455850		     2.68533660
 0.980		     2.58950113		     2.48680875		     2.68724644		     2.68794309
 0.981		     2.59218838		     2.48932986		     2.68993700		     2.69055244
 0.982		     2.59487832		     2.49185360		     2.69263016		     2.69316466
 0.983		     2.59757095		     2.49437997		     2.69532594		     2.69577974
 0.984		     2.60026627		     2.49690897		     2.69802434		     2.69839769
 0.985		     2.60296430		     2.49944061		     2.70072536		     2.70101850
 0.986		     2.60566502		     2.50197488		     2.70342900		     2.70364219
 0.987		     2.60836845		     2.50451179		     2.70613527		     2.70626874
 0.988		     2.61107459		     2.50705135		     2.70884417		     2.70889817
 0.989		     2.61378343		     2.50959355		     2.71155570		     2.71153047
 0.990		     2.61649499		     2.51213840		     2.71426986		     2.71416565
 0.991		     2.61920926		     2.51468590		     2.71698667		     2.71680370
 0.992		     2.62192624		     2.51723606		     2.71970611		     2.71944463
 0.993		     2.62464595		     2.51978887		     2.72242820		     2.72208845
 0.994		     2.62736838		     2.52234434		     2.72515294		     2.72473514
 0.995		     2.63009353		     2.52490247		     2.72788032		     2.72738471
 0.996		     2.63282141		     2.52746327		     2.73061036		     2.73003717
 0.997		     2.63555202		     2.53002673		     2.73334305		     2.73269251
 0.998		     2.63828537		     2.53259287		     2.73607840		     2.73535074
 0.999		     2.64102144		     2.53516168		     2.73881641		     2.73801186
 1.000		     2.64376026		     2.53773316		     2.73881641		     2.73801186

СТАТИСТИКА ПОГРЕШНОСТЕЙ:
Средняя абсолютная погрешность: 0.03967405
Максимальная абсолютная погрешность: 0.10602710
Средняя погрешность аппроксимации 1-го порядка: 0.10704190
Средняя погрешность аппроксимации 2-го порядка: 0.16613388
